8494873880
8496873882
8493873883
8492873884
8491873885
8499873886
8495873887
8494873888
8494873880
8496873882
8493873883
8492873884
8491873885
8499873886
8495873887
8494873888
8494873880
8496873882
8493873883
8492873884
8491873885
8499873886
8495873887
8494873888
8494873880
8496873882
8493873883
8492873884
8491873885
8499873886
8495873887
8494873888
8494873880
8496873882
8493873883
8492873884
8491873885
8499873886
8495873887
8494873888
8494873880
8496873882
8493873883
8492873884
8491873885
8499873886
8495873887
8494873888
8494873880
8496873882
8493873883
8492873884
8491873885
8499873886
8495873887
8494873888
8494873880
8496873882
8493873883
8492873884
8491873885
8499873886
8495873887
8494873888
8494873880
8496873882
8493873883
8492873884
8491873885
8499873886
8495873887
8494873888
8494873880
8496873882
8493873883
8492873884
8491873885
8499873886
8495873887
8494873888
8494873880
8496873882
8493873883
8492873884
8491873885
8499873886
8495873887
8494873888
8494873880
8496873882
8493873883
8492873884
8491873885
8499873886
8495873887
8494873888
8494873880
8496873882
8493873883
8492873884
8491873885
8499873886
8495873887
8494873888
8494873880
8496873882
8493873883
8492873884
8491873885
8499873886
8495873887
8494873888
